Summary Grid:
  activity_per_bin: [[[ 0.  7.  6.  4.  2.  5.  8.  2.  8.  6.]   [ 0.  6.  7.  7.  2.  4.  7.  2.  2.  3.]   [ 0.  0.  0.  0.  1.  3.  2.  2.  1.  0.]   [ 0.  0.  0.  0.  0.  0.  0.  0.  0.  0.]   [ 0.  0.  0.  0.  0.  0.  0.  0.  0.  0.]   [ 0.  0.  0.  0.  0.  0 ...
  best: sub(add(add(neg(AvgRReq), neg(TSC)), add(LS, LF)), max(neg(max(LF, neg(max(add(TSC, TPC), max(TPC, TPC))))), sub(neg(min(add(LS, MaxRReq), neg(AvgRReq))), add(EF, LF))))
  best_features: [33, 3, 1.6893880208333334]
  best_fitness: (0.18191540949795593,)
  best_index: (2, 1, 1)
  capacity: 1000
  depot: None
  discard_random_on_bin_overload: False
  features: {(0, 0, 0): [], (0, 0, 1): [[14, 1, 1.6972005208333334]], (0, 0, 2): [[15, 2, 1.734375]], (0, 0, 3): [[13, 0, 1.7573567708333333]], (0, 0, 4): [[7, 1, 1.7990234375]], (0, 0, 5): [[11, 1, 1.8259765625]], (0, 0, 6): [[6, 0, 1.8675130208333333]], ( ...
  features_domain: [(4, 127), (0, 30), (1.65, 2.0)]
  features_extrema: ((6.0, 127.0), (0.0, 30.0), (1.6757161458333334, 1.9872395833333334))
  filled_bins: 471
  fitness: {(0, 0, 0): [], (0, 0, 1): [deap.creator.FitnessMin((0.1850971040200771,))], (0, 0, 2): [deap.creator.FitnessMin((0.18785033718330318,))], (0, 0, 3): [deap.creator.FitnessMin((0.19609816209180014,))], (0, 0, 4): [deap.creator.FitnessMin((0.21254 ...
  fitness_domain: [(0.0, 1.0)]
  fitness_extrema: ((0.18191540949795593, 0.3143603823394508),)
  free: 529
  history_recentness_per_bin: {(0, 0, 0): [], (0, 0, 1): [8, 93, 96, 112, 872, 1129, 1251], (0, 0, 2): [15, 26, 58, 98, 117, 1270], (0, 0, 3): [50, 103, 657, 1125], (0, 0, 4): [2, 43], (0, 0, 5): [7, 29, 118, 156, 196], (0, 0, 6): [9, 10, 35, 63, 70, 146, 692, 890], (0, 0, 7 ...
  items: [[<deap.gp.Primitive object at 0x2aaaead14958>, <deap.gp.Primitive object at 0x2aaaead3e458>, <deap.gp.Terminal object at 0x2aaaeae423a8>, <deap.gp.Primitive object at 0x2aaaead3e0e8>, <deap.gp.Terminal object at 0x2aaaeae425a0>, <deap.gp.Primit ...
  max_items_per_bin: 1
  name: Grid-46913572570392
  nb_added: 1456
  nb_discarded: 985
  nb_items_per_bin: [[[0. 1. 1. 1. 1. 1. 1. 1. 1. 1.]   [0. 1. 1. 1. 1. 1. 1. 1. 1. 1.]   [0. 0. 0. 0. 1. 1. 1. 1. 1. 0.]   [0. 0. 0. 0. 0. 0. 0. 0. 0. 0.]   [0. 0. 0. 0. 0. 0. 0. 0. 0. 0.]   [0. 0. 0. 0. 0. 0. 0. 0. 0. 0.]   [0. 0. 0. 0. 0. 0. 0. 0. 0. 0.]   [0. 0 ...
  nb_operations: 2441
  nb_rejected: 79
  quality: {(0, 0, 0): None, (0, 0, 1): deap.creator.FitnessMin((0.1850971040200771,)), (0, 0, 2): deap.creator.FitnessMin((0.18785033718330318,)), (0, 0, 3): deap.creator.FitnessMin((0.19609816209180014,)), (0, 0, 4): deap.creator.FitnessMin((0.2125485213 ...
  quality_array: [[[[       nan]    [0.1850971 ]    [0.18785034]    [0.19609816]    [0.21254852]    [0.22003556]    [0.23677323]    [0.26068432]    [0.26795629]    [0.29622628]]    [[       nan]    [0.1850971 ]    [0.18769875]    [0.19638866]    [0.21456324]     ...
  recentness: [31, 42, 61, 63, 83, 93, 119, 135, 150, 160, 174, 186, 188, 195, 199, 206, 209, 211, 221, 244, 248, 262, 265, 271, 280, 300, 319, 339, 357, 359, 362, 376, 377, 386, 395, 403, 405, 414, 426, 430, 448, 454, 463, 465, 472, 473, 483, 486, 501, 504,  ...
  recentness_per_bin: {(0, 0, 0): [], (0, 0, 1): [1251], (0, 0, 2): [1270], (0, 0, 3): [1125], (0, 0, 4): [43], (0, 0, 5): [196], (0, 0, 6): [890], (0, 0, 7): [249], (0, 0, 8): [798], (0, 0, 9): [1006], (0, 1, 0): [], (0, 1, 1): [1109], (0, 1, 2): [550], (0, 1, 3): [ ...
  shape: (10, 10, 10)
  size: 471
  solutions: {(0, 0, 0): [], (0, 0, 1): [[<deap.gp.Primitive object at 0x2aaaead3e0e8>, <deap.gp.Primitive object at 0x2aaaead3e9a8>, <deap.gp.Primitive object at 0x2aaaead14278>, <deap.gp.Terminal object at 0x2aaaeae42480>, <deap.gp.Primitive object at 0x2a ...