Summary Grid:
  activity_per_bin: [[[ 1.  7.  9.  8.  7.  7.  4.  2.  2.  5.]   [ 1.  7.  5.  5.  4.  7.  7.  6.  5.  2.]   [ 0.  0.  1.  0.  1.  1.  1.  0.  0.  0.]   [ 0.  0.  0.  0.  0.  0.  0.  0.  0.  0.]   [ 0.  0.  0.  0.  0.  0.  0.  0.  0.  0.]   [ 0.  0.  0.  0.  0.  0 ...
  best: sub(sub(LF, mul(max(TSC, AvgRReq), add(sub(min(MinRReq, MinRReq), neg(TSC)), mul(MinRReq, MinRReq)))), neg(LS))
  best_features: [19, 5, 1.681640625]
  best_fitness: (0.18270038204481326,)
  best_index: (1, 1, 0)
  capacity: 1000
  depot: None
  discard_random_on_bin_overload: False
  features: {(0, 0, 0): [[15, 2, 1.6837890625]], (0, 0, 1): [[11, 1, 1.6897786458333333]], (0, 0, 2): [[16, 2, 1.7216145833333334]], (0, 0, 3): [[11, 1, 1.7573567708333333]], (0, 0, 4): [[11, 2, 1.7916666666666667]], (0, 0, 5): [[7, 0, 1.8328776041666666]], ...
  features_domain: [(4, 127), (0, 30), (1.65, 2.0)]
  features_extrema: ((6.0, 126.0), (0.0, 30.0), (1.6766276041666666, 1.9966145833333333))
  filled_bins: 460
  fitness: {(0, 0, 0): [deap.creator.FitnessMin((0.19321821112178136,))], (0, 0, 1): [deap.creator.FitnessMin((0.18430737496376032,))], (0, 0, 2): [deap.creator.FitnessMin((0.18863761803501858,))], (0, 0, 3): [deap.creator.FitnessMin((0.1945252615421652,)) ...
  fitness_domain: [(0.0, 1.0)]
  fitness_extrema: ((0.18270038204481326, 0.3161585863190108),)
  free: 540
  history_recentness_per_bin: {(0, 0, 0): [1061], (0, 0, 1): [67, 73, 124, 140, 448, 975, 1261], (0, 0, 2): [29, 36, 42, 59, 81, 100, 447, 456, 906], (0, 0, 3): [46, 49, 131, 206, 223, 260, 724, 1116], (0, 0, 4): [22, 35, 41, 82, 453, 497, 544], (0, 0, 5): [7, 14, 97, 142, 1 ...
  items: [[<deap.gp.Primitive object at 0x2aaaf0b6ff48>, <deap.gp.Primitive object at 0x2aaaf0b809f8>, <deap.gp.Primitive object at 0x2aaaf0b6ff48>, <deap.gp.Terminal object at 0x2aaaf0c4c4c8>, <deap.gp.Terminal object at 0x2aaaf0c4c558>, <deap.gp.Primit ...
  max_items_per_bin: 1
  name: Grid-46913671122168
  nb_added: 1466
  nb_discarded: 1006
  nb_items_per_bin: [[[1. 1. 1. 1. 1. 1. 1. 1. 1. 1.]   [1. 1. 1. 1. 1. 1. 1. 1. 1. 1.]   [0. 0. 1. 0. 1. 1. 1. 0. 0. 0.]   [0. 0. 0. 0. 0. 0. 0. 0. 0. 0.]   [0. 0. 0. 0. 0. 0. 0. 0. 0. 0.]   [0. 0. 0. 0. 0. 0. 0. 0. 0. 0.]   [0. 0. 0. 0. 0. 0. 0. 0. 0. 0.]   [0. 0 ...
  nb_operations: 2472
  nb_rejected: 71
  quality: {(0, 0, 0): deap.creator.FitnessMin((0.19321821112178136,)), (0, 0, 1): deap.creator.FitnessMin((0.18430737496376032,)), (0, 0, 2): deap.creator.FitnessMin((0.18863761803501858,)), (0, 0, 3): deap.creator.FitnessMin((0.1945252615421652,)), (0, 0 ...
  quality_array: [[[[0.19321821]    [0.18430737]    [0.18863762]    [0.19452526]    [0.20589898]    [0.21981634]    [0.23736729]    [0.26089871]    [0.28035366]    [0.3058901 ]]    [[0.18586166]    [0.18520724]    [0.18849705]    [0.19690527]    [0.21385137]     ...
  recentness: [51, 65, 78, 83, 105, 108, 112, 119, 143, 154, 161, 163, 171, 172, 193, 194, 199, 204, 214, 215, 216, 241, 252, 258, 264, 268, 276, 277, 283, 287, 306, 307, 313, 320, 321, 322, 323, 343, 346, 353, 367, 381, 410, 412, 419, 422, 438, 442, 469, 472 ...
  recentness_per_bin: {(0, 0, 0): [1061], (0, 0, 1): [1261], (0, 0, 2): [906], (0, 0, 3): [1116], (0, 0, 4): [544], (0, 0, 5): [1215], (0, 0, 6): [1032], (0, 0, 7): [322], (0, 0, 8): [66], (0, 0, 9): [155], (0, 1, 0): [1142], (0, 1, 1): [1379], (0, 1, 2): [1062], (0, ...
  shape: (10, 10, 10)
  size: 460
  solutions: {(0, 0, 0): [[<deap.gp.Primitive object at 0x2aaaf0b6ff48>, <deap.gp.Primitive object at 0x2aaaf0b809f8>, <deap.gp.Terminal object at 0x2aaaf0c4c3f0>, <deap.gp.Primitive object at 0x2aaaf0b6f0e8>, <deap.gp.Primitive object at 0x2aaaf0b6b638>, <d ...