Summary Grid:
  activity_per_bin: [[[ 1.  7.  6.  3.  3.  7.  2.  5.  4.  5.]   [ 0.  8.  8.  7.  5.  5.  7.  4.  1.  3.]   [ 0.  1.  2.  1.  2.  2.  2.  1.  1.  0.]   [ 0.  0.  0.  0.  0.  0.  0.  0.  0.  0.]   [ 0.  0.  0.  0.  0.  0.  0.  0.  0.  0.]   [ 0.  0.  0.  0.  0.  0 ...
  best: sub(add(add(sub(mul(mul(min(LS, EF), max(ES, EF)), EF), div(AvgRReq, LF)), mul(sub(TPC, TPC), div(TPC, LF))), neg(sub(TSC, LF))), max(neg(TPC), sub(EF, LS)))
  best_features: [33, 1, 1.7005208333333333]
  best_fitness: (0.18225813740869642,)
  best_index: (2, 0, 1)
  capacity: 1000
  depot: None
  discard_random_on_bin_overload: False
  features: {(0, 0, 0): [[12, 2, 1.6842447916666667]], (0, 0, 1): [[16, 2, 1.6922526041666666]], (0, 0, 2): [[4, 1, 1.7307291666666667]], (0, 0, 3): [[14, 2, 1.7588541666666666]], (0, 0, 4): [[10, 1, 1.8063151041666667]], (0, 0, 5): [[6, 0, 1.83756510416666 ...
  features_domain: [(4, 127), (0, 30), (1.65, 2.0)]
  features_extrema: ((4.0, 126.0), (0.0, 30.0), (1.6780598958333333, 1.9873697916666666))
  filled_bins: 490
  fitness: {(0, 0, 0): [deap.creator.FitnessMin((0.18994874921579288,))], (0, 0, 1): [deap.creator.FitnessMin((0.1840176541267275,))], (0, 0, 2): [deap.creator.FitnessMin((0.18788688689090552,))], (0, 0, 3): [deap.creator.FitnessMin((0.19690527488990903,)) ...
  fitness_domain: [(0.0, 1.0)]
  fitness_extrema: ((0.18225813740869642, 0.3151399538972316),)
  free: 510
  history_recentness_per_bin: {(0, 0, 0): [734], (0, 0, 1): [44, 685, 972, 1040, 1201, 1243, 1504], (0, 0, 2): [2, 11, 26, 109, 181, 712], (0, 0, 3): [8, 21, 53], (0, 0, 4): [9, 119, 130], (0, 0, 5): [3, 10, 19, 32, 46, 108, 198], (0, 0, 6): [5, 17], (0, 0, 7): [13, 31, 51,  ...
  items: [[<deap.gp.Primitive object at 0x2aaaf4ccc048>, <deap.gp.Primitive object at 0x2aaaf5fba958>, <deap.gp.Terminal object at 0x2aaaf60c7bd0>, <deap.gp.Terminal object at 0x2aaaf60c7bd0>, <deap.gp.Primitive object at 0x2aaaf5fbaea8>, <deap.gp.Termin ...
  max_items_per_bin: 1
  name: Grid-46913722289288
  nb_added: 1629
  nb_discarded: 1139
  nb_items_per_bin: [[[1. 1. 1. 1. 1. 1. 1. 1. 1. 1.]   [0. 1. 1. 1. 1. 1. 1. 1. 1. 1.]   [0. 1. 1. 1. 1. 1. 1. 1. 1. 0.]   [0. 0. 0. 0. 0. 0. 0. 0. 0. 0.]   [0. 0. 0. 0. 0. 0. 0. 0. 0. 0.]   [0. 0. 0. 0. 0. 0. 0. 0. 0. 0.]   [0. 0. 0. 0. 0. 0. 0. 0. 0. 0.]   [0. 0 ...
  nb_operations: 2768
  nb_rejected: 78
  quality: {(0, 0, 0): deap.creator.FitnessMin((0.18994874921579288,)), (0, 0, 1): deap.creator.FitnessMin((0.1840176541267275,)), (0, 0, 2): deap.creator.FitnessMin((0.18788688689090552,)), (0, 0, 3): deap.creator.FitnessMin((0.19690527488990903,)), (0, 0 ...
  quality_array: [[[[0.18994875]    [0.18401765]    [0.18788689]    [0.19690527]    [0.21349367]    [0.22249161]    [0.23677323]    [0.26115228]    [0.27324187]    [0.2928099 ]]    [[       nan]    [0.18506319]    [0.18843399]    [0.19840792]    [0.21591664]     ...
  recentness: [16, 26, 37, 52, 110, 123, 125, 129, 158, 175, 177, 178, 197, 205, 206, 215, 225, 236, 250, 262, 273, 285, 296, 298, 300, 326, 328, 336, 337, 345, 354, 358, 360, 370, 384, 388, 389, 410, 418, 421, 433, 446, 448, 451, 454, 456, 464, 465, 472, 476 ...
  recentness_per_bin: {(0, 0, 0): [734], (0, 0, 1): [1504], (0, 0, 2): [712], (0, 0, 3): [53], (0, 0, 4): [130], (0, 0, 5): [198], (0, 0, 6): [17], (0, 0, 7): [206], (0, 0, 8): [178], (0, 0, 9): [1530], (0, 1, 0): [], (0, 1, 1): [1599], (0, 1, 2): [1472], (0, 1, 3):  ...
  shape: (10, 10, 10)
  size: 490
  solutions: {(0, 0, 0): [[<deap.gp.Primitive object at 0x2aaaf5fbaea8>, <deap.gp.Primitive object at 0x2aaaf59773b8>, <deap.gp.Primitive object at 0x2aaaf5f95188>, <deap.gp.Primitive object at 0x2aaaf5fbaea8>, <deap.gp.Primitive object at 0x2aaaf5fba958>, < ...