Summary Grid:
  activity_per_bin: [[[0. 0. 3. 4. 6. 5. 2. 1. 0. 0.]   [0. 0. 1. 2. 2. 3. 0. 0. 0. 0.]   [0. 0. 0. 0. 0. 0. 0. 0. 0. 0.]   [0. 0. 0. 0. 0. 0. 0. 0. 0. 0.]   [0. 0. 0. 0. 0. 0. 0. 0. 0. 0.]   [0. 0. 0. 0. 0. 0. 0. 0. 0. 0.]   [0. 0. 0. 0. 0. 0. 0. 0. 0. 0.]   [0. 0 ...
  best: sub(min(LF, LF), add(TSC, min(mul(max(TSC, TSC), add(LS, MaxRReq)), add(max(sub(neg(AvgRReq), add(TPC, AvgRReq)), mul(mul(TPC, MaxRReq), sub(TPC, LF))), neg(LS)))))
  best_features: [31, 4, 1.7206705957442139]
  best_fitness: (0.18315715171814023,)
  best_index: (2, 1, 2)
  capacity: 1000
  depot: None
  discard_random_on_bin_overload: False
  features: {(0, 0, 0): [], (0, 0, 1): [], (0, 0, 2): [[11, 1, 1.7252298962350963]], (0, 0, 3): [[6, 1, 1.7801981065918646]], (0, 0, 4): [[12, 1, 1.847734525661816]], (0, 0, 5): [[7, 2, 1.9041352559607283]], (0, 0, 6): [[11, 2, 1.9724411460159543]], (0, 0,  ...
  features_domain: [(4, 127), (0, 40), (1.6, 2.2)]
  features_extrema: ((6.0, 108.0), (1.0, 22.0), (1.7193816839060314, 2.0409510458669353))
  filled_bins: 60
  fitness: {(0, 0, 0): [], (0, 0, 1): [], (0, 0, 2): [deap.creator.FitnessMin((0.18447222652423317,))], (0, 0, 3): [deap.creator.FitnessMin((0.2002286524849583,))], (0, 0, 4): [deap.creator.FitnessMin((0.22525670039442186,))], (0, 0, 5): [deap.creator.Fitn ...
  fitness_domain: [(0.0, 1.0)]
  fitness_extrema: ((0.18315715171814023, 0.31023932082300154),)
  free: 940
  history_recentness_per_bin: {(0, 0, 0): [], (0, 0, 1): [], (0, 0, 2): [3, 8, 120], (0, 0, 3): [5, 9, 12, 40], (0, 0, 4): [2, 4, 19, 35, 42, 85], (0, 0, 5): [11, 21, 36, 38, 48], (0, 0, 6): [6, 94], (0, 0, 7): [16], (0, 0, 8): [], (0, 0, 9): [], (0, 1, 0): [], (0, 1, 1): [] ...
  items: [[<deap.gp.Primitive object at 0x7f4b010f4350>, <deap.gp.Primitive object at 0x7f4b010f44d0>, <deap.gp.Primitive object at 0x7f4b010f4470>, <deap.gp.Primitive object at 0x7f4b010f42f0>, <deap.gp.Primitive object at 0x7f4b010f4470>, <deap.gp.Term ...
  max_items_per_bin: 1
  name: Grid-139960693885520
  nb_added: 127
  nb_discarded: 67
  nb_items_per_bin: [[[0. 0. 1. 1. 1. 1. 1. 1. 0. 0.]   [0. 0. 1. 1. 1. 1. 0. 0. 0. 0.]   [0. 0. 0. 0. 0. 0. 0. 0. 0. 0.]   [0. 0. 0. 0. 0. 0. 0. 0. 0. 0.]   [0. 0. 0. 0. 0. 0. 0. 0. 0. 0.]   [0. 0. 0. 0. 0. 0. 0. 0. 0. 0.]   [0. 0. 0. 0. 0. 0. 0. 0. 0. 0.]   [0. 0 ...
  nb_operations: 194
  nb_rejected: 2
  quality: {(0, 0, 0): None, (0, 0, 1): None, (0, 0, 2): deap.creator.FitnessMin((0.18447222652423317,)), (0, 0, 3): deap.creator.FitnessMin((0.2002286524849583,)), (0, 0, 4): deap.creator.FitnessMin((0.22525670039442186,)), (0, 0, 5): deap.creator.Fitness ...
  quality_array: [[[[       nan]    [       nan]    [0.18447223]    [0.20022865]    [0.2252567 ]    [0.25478075]    [0.26946541]    [0.31023932]    [       nan]    [       nan]]    [[       nan]    [       nan]    [0.19322551]    [0.20197128]    [0.23553184]     ...
  recentness: [12, 14, 15, 23, 28, 31, 32, 36, 39, 43, 44, 47, 48, 49, 51, 52, 56, 57, 60, 63, 69, 70, 71, 77, 78, 79, 80, 82, 84, 85, 86, 87, 91, 93, 94, 95, 98, 99, 100, 102, 103, 105, 106, 107, 108, 109, 110, 112, 113, 114, 115, 116, 118, 119, 120, 121, 12 ...
  recentness_per_bin: {(0, 0, 0): [], (0, 0, 1): [], (0, 0, 2): [120], (0, 0, 3): [40], (0, 0, 4): [85], (0, 0, 5): [48], (0, 0, 6): [94], (0, 0, 7): [16], (0, 0, 8): [], (0, 0, 9): [], (0, 1, 0): [], (0, 1, 1): [], (0, 1, 2): [81], (0, 1, 3): [103], (0, 1, 4): [45], ...
  shape: (10, 10, 10)
  size: 60
  solutions: {(0, 0, 0): [], (0, 0, 1): [], (0, 0, 2): [[<deap.gp.Primitive object at 0x7f4b010f4350>, <deap.gp.Primitive object at 0x7f4b010f4530>, <deap.gp.Terminal object at 0x7f4b00fd1a00>, <deap.gp.Terminal object at 0x7f4b00fd1a00>, <deap.gp.Primitive  ...