Summary Grid:
  activity_per_bin: [[[0. 1. 3. 3. 6. 3. 2. 2. 0. 0.]   [0. 0. 0. 0. 5. 1. 1. 0. 0. 0.]   [0. 0. 0. 0. 0. 0. 0. 0. 0. 0.]   [0. 0. 0. 0. 0. 0. 0. 0. 0. 0.]   [0. 0. 0. 0. 0. 0. 0. 0. 0. 0.]   [0. 0. 0. 0. 0. 0. 0. 0. 0. 0.]   [0. 0. 0. 0. 0. 0. 0. 0. 0. 0.]   [0. 0 ...
  best: neg(sub(neg(div(MaxRReq, MaxRReq)), LS))
  best_features: [7, 2, 1.7238756519547689]
  best_fitness: (0.18651950511247903,)
  best_index: (0, 0, 2)
  capacity: 1000
  depot: None
  discard_random_on_bin_overload: False
  features: {(0, 0, 0): [], (0, 0, 1): [[7, 1, 1.7172511888586979]], (0, 0, 2): [[7, 2, 1.7238756519547689]], (0, 0, 3): [[8, 3, 1.7802013937587653]], (0, 0, 4): [[12, 2, 1.8511078437280872]], (0, 0, 5): [[16, 3, 1.9121109501008067]], (0, 0, 6): [[10, 1, 1. ...
  features_domain: [(4, 127), (0, 40), (1.6, 2.2)]
  features_extrema: ((7.0, 93.0), (1.0, 18.0), (1.7172511888586979, 2.030656392443899))
  filled_bins: 58
  fitness: {(0, 0, 0): [], (0, 0, 1): [deap.creator.FitnessMin((0.19594337709048557,))], (0, 0, 2): [deap.creator.FitnessMin((0.18651950511247903,))], (0, 0, 3): [deap.creator.FitnessMin((0.20185631733925397,))], (0, 0, 4): [deap.creator.FitnessMin((0.2178 ...
  fitness_domain: [(0.0, 1.0)]
  fitness_extrema: ((0.18651950511247903, 0.304434333013124),)
  free: 942
  history_recentness_per_bin: {(0, 0, 0): [], (0, 0, 1): [3], (0, 0, 2): [8, 46, 59], (0, 0, 3): [17, 29, 92], (0, 0, 4): [5, 10, 12, 20, 24, 81], (0, 0, 5): [4, 28, 65], (0, 0, 6): [6, 70], (0, 0, 7): [42, 53], (0, 0, 8): [], (0, 0, 9): [], (0, 1, 0): [], (0, 1, 1): [], (0, ...
  items: [[<deap.gp.Primitive object at 0x7f4b43d875f0>, <deap.gp.Primitive object at 0x7f4b43d875f0>, <deap.gp.Terminal object at 0x7f4b43d86690>, <deap.gp.Terminal object at 0x7f4b43d86a50>, <deap.gp.Primitive object at 0x7f4b43d87530>, <deap.gp.Termin ...
  max_items_per_bin: 1
  name: Grid-139961242316624
  nb_added: 112
  nb_discarded: 54
  nb_items_per_bin: [[[0. 1. 1. 1. 1. 1. 1. 1. 0. 0.]   [0. 0. 0. 0. 1. 1. 1. 0. 0. 0.]   [0. 0. 0. 0. 0. 0. 0. 0. 0. 0.]   [0. 0. 0. 0. 0. 0. 0. 0. 0. 0.]   [0. 0. 0. 0. 0. 0. 0. 0. 0. 0.]   [0. 0. 0. 0. 0. 0. 0. 0. 0. 0.]   [0. 0. 0. 0. 0. 0. 0. 0. 0. 0.]   [0. 0 ...
  nb_operations: 166
  nb_rejected: 1
  quality: {(0, 0, 0): None, (0, 0, 1): deap.creator.FitnessMin((0.19594337709048557,)), (0, 0, 2): deap.creator.FitnessMin((0.18651950511247903,)), (0, 0, 3): deap.creator.FitnessMin((0.20185631733925397,)), (0, 0, 4): deap.creator.FitnessMin((0.217835089 ...
  quality_array: [[[[       nan]    [0.19594338]    [0.18651951]    [0.20185632]    [0.21783509]    [0.24900893]    [0.27634109]    [0.30188976]    [       nan]    [       nan]]    [[       nan]    [       nan]    [       nan]    [       nan]    [0.23849613]     ...
  recentness: [2, 14, 17, 20, 22, 24, 25, 29, 30, 34, 40, 44, 46, 52, 55, 57, 58, 59, 60, 61, 62, 63, 64, 66, 69, 70, 71, 73, 74, 76, 78, 79, 80, 82, 83, 84, 86, 88, 89, 90, 91, 95, 96, 97, 98, 99, 100, 101, 102, 103, 104, 105, 106, 107, 108, 109, 110, 111]
  recentness_per_bin: {(0, 0, 0): [], (0, 0, 1): [3], (0, 0, 2): [59], (0, 0, 3): [92], (0, 0, 4): [81], (0, 0, 5): [65], (0, 0, 6): [70], (0, 0, 7): [53], (0, 0, 8): [], (0, 0, 9): [], (0, 1, 0): [], (0, 1, 1): [], (0, 1, 2): [], (0, 1, 3): [], (0, 1, 4): [87], (0,  ...
  shape: (10, 10, 10)
  size: 58
  solutions: {(0, 0, 0): [], (0, 0, 1): [[<deap.gp.Primitive object at 0x7f4b43d875f0>, <deap.gp.Primitive object at 0x7f4b43d875f0>, <deap.gp.Terminal object at 0x7f4b43d86690>, <deap.gp.Terminal object at 0x7f4b43d86a50>, <deap.gp.Primitive object at 0x7f4 ...