Summary Grid:
  activity_per_bin: [[[10. 17. 13.  6.  7.]   [ 4.  4.  6.  2.  4.]   [ 0.  0.  0.  0.  0.]   [ 0.  0.  0.  0.  0.]   [ 0.  0.  0.  0.  0.]]   [[13. 11.  9.  8.  5.]   [10. 17. 11.  5.  7.]   [ 6.  6.  6.  4.  2.]   [ 0.  2.  1.  0.  0.]   [ 0.  0.  0.  0.  0.]]    ...
  best: sub(sub(LF, div(min(mul(neg(AvgRReq), add(div(AvgRReq, RR), div(AvgRReq, LS))), max(mul(MinRReq, ES), add(MaxRReq, TPC))), neg(add(div(RR, LS), mul(ES, EF))))), neg(LS))
  best_features: [32, 7, 1.6796875]
  best_fitness: (0.18232474507721436,)
  best_index: (1, 1, 0)
  capacity: 125
  depot: None
  discard_random_on_bin_overload: False
  features: {(0, 0, 0): [[18, 3, 1.6962890625]], (0, 0, 1): [[27, 4, 1.72578125]], (0, 0, 2): [[27, 4, 1.8075520833333334]], (0, 0, 3): [[15, 4, 1.8614583333333334]], (0, 0, 4): [[7, 1, 1.933984375]], (0, 1, 0): [[28, 6, 1.6904947916666666]], (0, 1, 1): [[2 ...
  features_domain: [(4, 127), (0, 30), (1.65, 2.0)]
  features_extrema: ((7.0, 125.0), (1.0, 28.0), (1.6796875, 1.985546875))
  filled_bins: 89
  fitness: {(0, 0, 0): [deap.creator.FitnessMin((0.18527472342422596,))], (0, 0, 1): [deap.creator.FitnessMin((0.18688122241027738,))], (0, 0, 2): [deap.creator.FitnessMin((0.21006206147094358,))], (0, 0, 3): [deap.creator.FitnessMin((0.23477904502771849,) ...
  fitness_domain: [(0.0, 1.0)]
  fitness_extrema: ((0.18232474507721436, 0.3053468786902982),)
  free: 36
  history_recentness_per_bin: {(0, 0, 0): [38, 40, 49, 65, 159, 190, 209, 224, 324, 406], (0, 0, 1): [15, 17, 24, 27, 34, 35, 45, 54, 102, 107, 143, 147, 191, 218, 300, 395, 413], (0, 0, 2): [3, 4, 5, 10, 11, 13, 22, 23, 46, 60, 202, 262, 451], (0, 0, 3): [1, 14, 16, 57, 167 ...
  items: [[<deap.gp.Primitive object at 0x7ff0f4294188>, <deap.gp.Primitive object at 0x7ff0f4294188>, <deap.gp.Primitive object at 0x7ff0f4294458>, <deap.gp.Primitive object at 0x7ff0ef93fa98>, <deap.gp.Terminal object at 0x7ff0ef939e58>, <deap.gp.Termi ...
  max_items_per_bin: 1
  name: Grid-140672790408720
  nb_added: 471
  nb_discarded: 382
  nb_items_per_bin: [[[1. 1. 1. 1. 1.]   [1. 1. 1. 1. 1.]   [0. 0. 0. 0. 0.]   [0. 0. 0. 0. 0.]   [0. 0. 0. 0. 0.]]   [[1. 1. 1. 1. 1.]   [1. 1. 1. 1. 1.]   [1. 1. 1. 1. 1.]   [0. 1. 1. 0. 0.]   [0. 0. 0. 0. 0.]]   [[1. 1. 1. 1. 1.]   [1. 1. 1. 1. 1.]   [1. 1. 1. 1 ...
  nb_operations: 853
  nb_rejected: 52
  quality: {(0, 0, 0): deap.creator.FitnessMin((0.18527472342422596,)), (0, 0, 1): deap.creator.FitnessMin((0.18688122241027738,)), (0, 0, 2): deap.creator.FitnessMin((0.21006206147094358,)), (0, 0, 3): deap.creator.FitnessMin((0.23477904502771849,)), (0,  ...
  quality_array: [[[[0.18527472]    [0.18688122]    [0.21006206]    [0.23477905]    [0.27245749]]    [[0.18614729]    [0.18778384]    [0.21074573]    [0.24911118]    [0.2857698 ]]    [[       nan]    [       nan]    [       nan]    [       nan]    [       nan]]  ...
  recentness: [79, 154, 179, 212, 216, 225, 232, 235, 236, 239, 258, 277, 279, 287, 294, 301, 302, 306, 310, 315, 319, 322, 330, 338, 347, 350, 354, 360, 362, 365, 369, 370, 371, 374, 375, 378, 379, 380, 381, 382, 383, 385, 389, 390, 392, 397, 400, 401, 405,  ...
  recentness_per_bin: {(0, 0, 0): [406], (0, 0, 1): [413], (0, 0, 2): [451], (0, 0, 3): [323], (0, 0, 4): [366], (0, 1, 0): [278], (0, 1, 1): [236], (0, 1, 2): [280], (0, 1, 3): [80], (0, 1, 4): [355], (0, 2, 0): [], (0, 2, 1): [], (0, 2, 2): [], (0, 2, 3): [], (0, 2 ...
  shape: (5, 5, 5)
  size: 89
  solutions: {(0, 0, 0): [[<deap.gp.Primitive object at 0x7ff0f42944a8>, <deap.gp.Primitive object at 0x7ff0f42944a8>, <deap.gp.Terminal object at 0x7ff0ef939d80>, <deap.gp.Primitive object at 0x7ff0f4294458>, <deap.gp.Primitive object at 0x7ff0f4294c28>, <d ...