Summary Grid:
  activity_per_bin: [[[2. 3. 1. 2. 1. 1. 4. 2. 0. 0.]   [0. 0. 1. 1. 1. 1. 0. 0. 0. 0.]   [0. 0. 0. 0. 0. 0. 0. 0. 0. 0.]   [0. 0. 0. 0. 0. 0. 0. 0. 0. 0.]   [0. 0. 0. 0. 0. 0. 0. 0. 0. 0.]   [0. 0. 0. 0. 0. 0. 0. 0. 0. 0.]   [0. 0. 0. 0. 0. 0. 0. 0. 0. 0.]   [0. 0 ...
  best: sub(max(div(sub(ES, MaxRReq), min(MaxRReq, ES)), max(mul(max(min(MaxRReq, MinRReq), sub(LS, ES)), MinRReq), add(LS, LS))), add(add(neg(TPC), mul(sub(sub(TSC, LF), add(LS, RR)), TPC)), div(mul(LS, TPC), add(LS, MinRReq))))
  best_features: [42, 7, 1.7291823830875372]
  best_fitness: (0.26139899783751197,)
  best_index: (3, 1, 0)
  capacity: 1000
  depot: None
  discard_random_on_bin_overload: False
  features: {(0, 0, 0): [[14, 2, 1.7171402843299752]], (0, 0, 1): [[14, 3, 1.7690126634507766]], (0, 0, 2): [[5, 2, 1.8007399113859495]], (0, 0, 3): [[13, 1, 1.8826268912830966]], (0, 0, 4): [[11, 3, 1.9177761131653133]], (0, 0, 5): [[7, 2, 1.96026003371725 ...
  features_domain: [(4, 127), (0, 40), (1.7, 2.2)]
  features_extrema: ((4.0, 112.0), (0.0, 21.0), (1.7059059210619514, 2.0661249592701205))
  filled_bins: 70
  fitness: {(0, 0, 0): [deap.creator.FitnessMin((0.27159940012617123,))], (0, 0, 1): [deap.creator.FitnessMin((0.2894066250778003,))], (0, 0, 2): [deap.creator.FitnessMin((0.2996737837936096,))], (0, 0, 3): [deap.creator.FitnessMin((0.3253334479230998,))], ...
  fitness_domain: [(0.0, 1.0)]
  fitness_extrema: ((0.26139899783751197, 0.4016538582179376),)
  free: 930
  history_recentness_per_bin: {(0, 0, 0): [3, 46], (0, 0, 1): [5, 28, 64], (0, 0, 2): [4], (0, 0, 3): [18, 30], (0, 0, 4): [2], (0, 0, 5): [6], (0, 0, 6): [7, 16, 32, 36], (0, 0, 7): [9, 12], (0, 0, 8): [], (0, 0, 9): [], (0, 1, 0): [], (0, 1, 1): [], (0, 1, 2): [26], (0, 1, ...
  items: [[<deap.gp.Primitive object at 0x7fed1f05e890>, <deap.gp.Primitive object at 0x7fed1f038fb0>, <deap.gp.Primitive object at 0x7fed1f038d70>, <deap.gp.Primitive object at 0x7fed1f038d70>, <deap.gp.Terminal object at 0x7fed1c2700f0>, <deap.gp.Termi ...
  max_items_per_bin: 1
  name: Grid-140656404370768
  nb_added: 115
  nb_discarded: 45
  nb_items_per_bin: [[[1. 1. 1. 1. 1. 1. 1. 1. 0. 0.]   [0. 0. 1. 1. 1. 1. 0. 0. 0. 0.]   [0. 0. 0. 0. 0. 0. 0. 0. 0. 0.]   [0. 0. 0. 0. 0. 0. 0. 0. 0. 0.]   [0. 0. 0. 0. 0. 0. 0. 0. 0. 0.]   [0. 0. 0. 0. 0. 0. 0. 0. 0. 0.]   [0. 0. 0. 0. 0. 0. 0. 0. 0. 0.]   [0. 0 ...
  nb_operations: 160
  nb_rejected: 15
  quality: {(0, 0, 0): deap.creator.FitnessMin((0.27159940012617123,)), (0, 0, 1): deap.creator.FitnessMin((0.2894066250778003,)), (0, 0, 2): deap.creator.FitnessMin((0.2996737837936096,)), (0, 0, 3): deap.creator.FitnessMin((0.3253334479230998,)), (0, 0,  ...
  quality_array: [[[[0.2715994 ]    [0.28940663]    [0.29967378]    [0.32533345]    [0.34579617]    [0.36213417]    [0.37039896]    [0.37880955]    [       nan]    [       nan]]    [[       nan]    [       nan]    [0.31405415]    [0.33971859]    [0.31951314]     ...
  recentness: [0, 1, 3, 5, 9, 10, 11, 13, 20, 22, 25, 26, 29, 30, 35, 37, 40, 41, 42, 43, 45, 46, 47, 49, 55, 56, 57, 58, 61, 62, 63, 64, 66, 68, 72, 73, 74, 75, 77, 78, 79, 80, 81, 82, 84, 85, 86, 87, 89, 90, 91, 92, 93, 94, 95, 96, 97, 98, 100, 101, 102, 10 ...
  recentness_per_bin: {(0, 0, 0): [46], (0, 0, 1): [64], (0, 0, 2): [4], (0, 0, 3): [30], (0, 0, 4): [2], (0, 0, 5): [6], (0, 0, 6): [36], (0, 0, 7): [12], (0, 0, 8): [], (0, 0, 9): [], (0, 1, 0): [], (0, 1, 1): [], (0, 1, 2): [26], (0, 1, 3): [21], (0, 1, 4): [27],  ...
  shape: (10, 10, 10)
  size: 70
  solutions: {(0, 0, 0): [[<deap.gp.Primitive object at 0x7fed1f038d70>, <deap.gp.Primitive object at 0x7fed1f05e890>, <deap.gp.Primitive object at 0x7fed1f038590>, <deap.gp.Terminal object at 0x7fed1c2702d0>, <deap.gp.Terminal object at 0x7fed1c270e10>, <de ...