Summary Grid:
  activity_per_bin: [[[4. 3. 5. 1. 1. 1. 2. 2. 0. 0.]   [0. 1. 1. 1. 0. 0. 0. 0. 0. 0.]   [0. 0. 0. 0. 0. 0. 0. 0. 0. 0.]   [0. 0. 0. 0. 0. 0. 0. 0. 0. 0.]   [0. 0. 0. 0. 0. 0. 0. 0. 0. 0.]   [0. 0. 0. 0. 0. 0. 0. 0. 0. 0.]   [0. 0. 0. 0. 0. 0. 0. 0. 0. 0.]   [0. 0 ...
  best: neg(sub(mul(LF, EF), add(LF, ES)))
  best_features: [8, 0, 1.7007144109396912]
  best_fitness: (0.261593317861121,)
  best_index: (0, 0, 0)
  capacity: 1000
  depot: None
  discard_random_on_bin_overload: False
  features: {(0, 0, 0): [[8, 0, 1.7007144109396912]], (0, 0, 1): [[11, 1, 1.7927504356326236]], (0, 0, 2): [[7, 1, 1.8016240153994358]], (0, 0, 3): [[8, 1, 1.8579224485386825]], (0, 0, 4): [[6, 1, 1.9246565851360726]], (0, 0, 5): [[6, 1, 1.9731671996968287] ...
  features_domain: [(4, 127), (0, 40), (1.7, 2.2)]
  features_extrema: ((6.0, 124.0), (0.0, 21.0), (1.700257970660321, 2.0590297700001403))
  filled_bins: 59
  fitness: {(0, 0, 0): [deap.creator.FitnessMin((0.261593317861121,))], (0, 0, 1): [deap.creator.FitnessMin((0.291776223024034,))], (0, 0, 2): [deap.creator.FitnessMin((0.30094987836563364,))], (0, 0, 3): [deap.creator.FitnessMin((0.3294226161039708,))], ( ...
  fitness_domain: [(0.0, 1.0)]
  fitness_extrema: ((0.261593317861121, 0.3931948081333335),)
  free: 941
  history_recentness_per_bin: {(0, 0, 0): [16, 23, 24, 84], (0, 0, 1): [42, 66, 79], (0, 0, 2): [8, 9, 10, 20, 26], (0, 0, 3): [4], (0, 0, 4): [3], (0, 0, 5): [15], (0, 0, 6): [5, 19], (0, 0, 7): [27, 28], (0, 0, 8): [], (0, 0, 9): [], (0, 1, 0): [], (0, 1, 1): [35], (0, 1,  ...
  items: [[<deap.gp.Primitive object at 0x7fed1f1163b0>, <deap.gp.Primitive object at 0x7fed1f116170>, <deap.gp.Terminal object at 0x7fed1f111e10>, <deap.gp.Primitive object at 0x7fed1f116290>, <deap.gp.Terminal object at 0x7fed1f111d20>, <deap.gp.Termin ...
  max_items_per_bin: 1
  name: Grid-140656403884176
  nb_added: 91
  nb_discarded: 32
  nb_items_per_bin: [[[1. 1. 1. 1. 1. 1. 1. 1. 0. 0.]   [0. 1. 1. 1. 0. 0. 0. 0. 0. 0.]   [0. 0. 0. 0. 0. 0. 0. 0. 0. 0.]   [0. 0. 0. 0. 0. 0. 0. 0. 0. 0.]   [0. 0. 0. 0. 0. 0. 0. 0. 0. 0.]   [0. 0. 0. 0. 0. 0. 0. 0. 0. 0.]   [0. 0. 0. 0. 0. 0. 0. 0. 0. 0.]   [0. 0 ...
  nb_operations: 123
  nb_rejected: 16
  quality: {(0, 0, 0): deap.creator.FitnessMin((0.261593317861121,)), (0, 0, 1): deap.creator.FitnessMin((0.291776223024034,)), (0, 0, 2): deap.creator.FitnessMin((0.30094987836563364,)), (0, 0, 3): deap.creator.FitnessMin((0.3294226161039708,)), (0, 0, 4) ...
  quality_array: [[[[0.26159332]    [0.29177622]    [0.30094988]    [0.32942262]    [0.35591111]    [0.36445264]    [0.35863573]    [0.39319481]    [       nan]    [       nan]]    [[       nan]    [0.3098567 ]    [0.34580971]    [0.33168236]    [       nan]     ...
  recentness: [0, 1, 2, 3, 11, 13, 14, 17, 18, 20, 24, 25, 27, 28, 31, 33, 34, 35, 36, 37, 38, 40, 42, 43, 44, 47, 48, 52, 54, 57, 58, 59, 60, 61, 62, 63, 64, 66, 67, 68, 69, 70, 71, 73, 74, 75, 76, 78, 79, 80, 81, 83, 84, 85, 86, 87, 88, 89, 90]
  recentness_per_bin: {(0, 0, 0): [84], (0, 0, 1): [79], (0, 0, 2): [26], (0, 0, 3): [4], (0, 0, 4): [3], (0, 0, 5): [15], (0, 0, 6): [19], (0, 0, 7): [28], (0, 0, 8): [], (0, 0, 9): [], (0, 1, 0): [], (0, 1, 1): [35], (0, 1, 2): [1], (0, 1, 3): [2], (0, 1, 4): [], ( ...
  shape: (10, 10, 10)
  size: 59
  solutions: {(0, 0, 0): [[<deap.gp.Primitive object at 0x7fed1f1162f0>, <deap.gp.Primitive object at 0x7fed1f1161d0>, <deap.gp.Primitive object at 0x7fed1f116230>, <deap.gp.Terminal object at 0x7fed1f111b40>, <deap.gp.Terminal object at 0x7fed1f111960>, <de ...