Summary Grid:
  activity_per_bin: [[[1. 3. 4. 3. 1. 1. 2. 3. 0. 0.]   [0. 1. 0. 0. 0. 0. 1. 0. 0. 0.]   [0. 0. 0. 0. 0. 0. 0. 0. 0. 0.]   [0. 0. 0. 0. 0. 0. 0. 0. 0. 0.]   [0. 0. 0. 0. 0. 0. 0. 0. 0. 0.]   [0. 0. 0. 0. 0. 0. 0. 0. 0. 0.]   [0. 0. 0. 0. 0. 0. 0. 0. 0. 0.]   [0. 0 ...
  best: mul(neg(div(LF, max(mul(max(LS, MinRReq), neg(LF)), EF))), min(sub(mul(neg(div(RR, TSC)), sub(min(MaxRReq, TPC), mul(EF, MinRReq))), TPC), max(sub(AvgRReq, EF), div(LS, MaxRReq))))
  best_features: [34, 6, 1.7202204814625928]
  best_fitness: (0.2683686288991083,)
  best_index: (2, 1, 0)
  capacity: 1000
  depot: None
  discard_random_on_bin_overload: False
  features: {(0, 0, 0): [[13, 3, 1.710187870996075]], (0, 0, 1): [[14, 2, 1.7663913415359758]], (0, 0, 2): [[12, 1, 1.808603213056228]], (0, 0, 3): [[14, 2, 1.8602363041353223]], (0, 0, 4): [[6, 2, 1.9026009127034726]], (0, 0, 5): [[15, 3, 1.972809263745448 ...
  features_domain: [(4, 127), (0, 40), (1.7, 2.2)]
  features_extrema: ((6.0, 79.0), (1.0, 17.0), (1.7009222661396577, 2.0672000952725003))
  filled_bins: 67
  fitness: {(0, 0, 0): [deap.creator.FitnessMin((0.2787604517928025,))], (0, 0, 1): [deap.creator.FitnessMin((0.2791608241213351,))], (0, 0, 2): [deap.creator.FitnessMin((0.30292557513766927,))], (0, 0, 3): [deap.creator.FitnessMin((0.31608249785992204,))] ...
  fitness_domain: [(0.0, 1.0)]
  fitness_extrema: ((0.2683686288991083, 0.40688281118011244),)
  free: 933
  history_recentness_per_bin: {(0, 0, 0): [4], (0, 0, 1): [10, 24, 25], (0, 0, 2): [11, 23, 31, 32], (0, 0, 3): [3, 14, 105], (0, 0, 4): [15], (0, 0, 5): [27], (0, 0, 6): [28, 95], (0, 0, 7): [2, 5, 16], (0, 0, 8): [], (0, 0, 9): [], (0, 1, 0): [], (0, 1, 1): [13], (0, 1, 2) ...
  items: [[<deap.gp.Primitive object at 0x7fed1ea276b0>, <deap.gp.Primitive object at 0x7fed1ea276b0>, <deap.gp.Primitive object at 0x7fed1ea275f0>, <deap.gp.Terminal object at 0x7fed1ea7b4b0>, <deap.gp.Terminal object at 0x7fed1ea7b320>, <deap.gp.Primit ...
  max_items_per_bin: 1
  name: Grid-140656357020560
  nb_added: 105
  nb_discarded: 38
  nb_items_per_bin: [[[1. 1. 1. 1. 1. 1. 1. 1. 0. 0.]   [0. 1. 0. 0. 0. 0. 1. 0. 0. 0.]   [0. 0. 0. 0. 0. 0. 0. 0. 0. 0.]   [0. 0. 0. 0. 0. 0. 0. 0. 0. 0.]   [0. 0. 0. 0. 0. 0. 0. 0. 0. 0.]   [0. 0. 0. 0. 0. 0. 0. 0. 0. 0.]   [0. 0. 0. 0. 0. 0. 0. 0. 0. 0.]   [0. 0 ...
  nb_operations: 143
  nb_rejected: 15
  quality: {(0, 0, 0): deap.creator.FitnessMin((0.2787604517928025,)), (0, 0, 1): deap.creator.FitnessMin((0.2791608241213351,)), (0, 0, 2): deap.creator.FitnessMin((0.30292557513766927,)), (0, 0, 3): deap.creator.FitnessMin((0.31608249785992204,)), (0, 0, ...
  quality_array: [[[[0.27876045]    [0.27916082]    [0.30292558]    [0.3160825 ]    [0.3104155 ]    [0.34658336]    [0.38299859]    [0.37393101]    [       nan]    [       nan]]    [[       nan]    [0.28958871]    [       nan]    [       nan]    [       nan]     ...
  recentness: [0, 3, 5, 7, 12, 14, 15, 21, 24, 25, 26, 31, 32, 33, 35, 41, 42, 43, 47, 49, 50, 51, 52, 54, 55, 56, 57, 60, 61, 63, 64, 66, 68, 69, 70, 71, 72, 73, 74, 76, 77, 78, 79, 80, 81, 82, 83, 84, 85, 86, 87, 89, 90, 91, 92, 93, 94, 95, 96, 97, 98, 99,  ...
  recentness_per_bin: {(0, 0, 0): [4], (0, 0, 1): [25], (0, 0, 2): [32], (0, 0, 3): [105], (0, 0, 4): [15], (0, 0, 5): [27], (0, 0, 6): [95], (0, 0, 7): [16], (0, 0, 8): [], (0, 0, 9): [], (0, 1, 0): [], (0, 1, 1): [13], (0, 1, 2): [], (0, 1, 3): [], (0, 1, 4): [], ( ...
  shape: (10, 10, 10)
  size: 67
  solutions: {(0, 0, 0): [[<deap.gp.Primitive object at 0x7fed1ea277d0>, <deap.gp.Primitive object at 0x7fed1ea274d0>, <deap.gp.Primitive object at 0x7fed1ea274d0>, <deap.gp.Terminal object at 0x7fed1ea7b460>, <deap.gp.Terminal object at 0x7fed1ea7b230>, <de ...